# 2020 ids

ids_20 <- c("4871", "4873", "4875", "4874", "4967", "4968", "4885", "4969", 
  "4971", "4972", "4973", "4974", "4975", "4886", "4893", "4898", 
  "4891", "4985", "4986", "4892", "4992", "4895", "4894", "4993", 
  "4902", "4890", "4897", "4900", "4896", "4899", "4903", "4901", 
  "4904", "4906", "4905", "4907")

# 2021 ids

ids_21 <- c("5009", "5020", "5011", "5010", "5012", "5013", "5017", "5019", 
  "5038", "5021", "5029", "5014", "5034", "5033", "5015", "5042", 
  "5035", "5022", "5023", "5054", "5018", "5030", "5071", "5074", 
  "5031", "5036", "5078", "5079", "5039", "5081", "5082", "5083", 
  "5044", "5084", "5060", "5087")

# 2022 ids

ids_22 <- c("5146", "5147", "5148", "5149", "5150", "5151", "5152", "5153", 
  "5154", "5155", "5156", "5157", "5158", "5161","5162","5163")